id,label,features,file_name,csv_name,attack,dataset_name,model_nameACC,model_name,ACC
exp_4084,squeezer_det,L2 L1 Linf L0 mse uqi ergas sam scc rase psnrb,bim0.10.1_succ,gen_list_1,bim,cifar,,conv12,0.8823529411764706
exp_4084,squeezer_det,L2 L1 Linf L0 mse uqi ergas sam scc rase psnrb,bim0.10.3_succ,gen_list_1,bim,cifar,,conv12,0.8461538461538461
exp_4084,squeezer_det,L2 L1 Linf L0 mse uqi ergas sam scc rase psnrb,bim0.10.3_miss,gen_list_1,bim,cifar,,conv12,1.0
exp_4084,squeezer_det,L2 L1 Linf L0 mse uqi ergas sam scc rase psnrb,bim0.10.5_succ,gen_list_1,bim,cifar,,conv12,0.8461538461538461
exp_4084,squeezer_det,L2 L1 Linf L0 mse uqi ergas sam scc rase psnrb,bim0.10.5_miss,gen_list_1,bim,cifar,,conv12,1.0
exp_4084,squeezer_det,L2 L1 Linf L0 mse uqi ergas sam scc rase psnrb,bim0.10.7_succ,gen_list_1,bim,cifar,,conv12,0.8461538461538461
exp_4084,squeezer_det,L2 L1 Linf L0 mse uqi ergas sam scc rase psnrb,bim0.10.7_miss,gen_list_1,bim,cifar,,conv12,1.0
exp_4084,squeezer_det,L2 L1 Linf L0 mse uqi ergas sam scc rase psnrb,bim0.10.9_succ,gen_list_1,bim,cifar,,conv12,0.8461538461538461
exp_4084,squeezer_det,L2 L1 Linf L0 mse uqi ergas sam scc rase psnrb,bim0.10.9_miss,gen_list_1,bim,cifar,,conv12,1.0
exp_4084,squeezer_det,L2 L1 Linf L0 mse uqi ergas sam scc rase psnrb,bim0.10.01_succ,gen_list_1,bim,cifar,,conv12,1.0
exp_4084,squeezer_det,L2 L1 Linf L0 mse uqi ergas sam scc rase psnrb,bim0.10.03_succ,gen_list_1,bim,cifar,,conv12,1.0
exp_4084,squeezer_det,L2 L1 Linf L0 mse uqi ergas sam scc rase psnrb,bim0.10.05_succ,gen_list_1,bim,cifar,,conv12,1.0
exp_4084,squeezer_det,L2 L1 Linf L0 mse uqi ergas sam scc rase psnrb,bim0.10.07_succ,gen_list_1,bim,cifar,,conv12,1.0
exp_4084,squeezer_det,L2 L1 Linf L0 mse uqi ergas sam scc rase psnrb,bim0.10.09_succ,gen_list_1,bim,cifar,,conv12,1.0
exp_4084,squeezer_det,L2 L1 Linf L0 mse uqi ergas sam scc rase psnrb,bim0.10.001_succ,gen_list_1,bim,cifar,,conv12,1.0
exp_4084,squeezer_det,L2 L1 Linf L0 mse uqi ergas sam scc rase psnrb,bim0.10.003_succ,gen_list_1,bim,cifar,,conv12,1.0
exp_4084,squeezer_det,L2 L1 Linf L0 mse uqi ergas sam scc rase psnrb,bim0.10.005_succ,gen_list_1,bim,cifar,,conv12,1.0
exp_4084,squeezer_det,L2 L1 Linf L0 mse uqi ergas sam scc rase psnrb,bim0.10.007_succ,gen_list_1,bim,cifar,,conv12,1.0
exp_4084,squeezer_det,L2 L1 Linf L0 mse uqi ergas sam scc rase psnrb,bim0.10.009_succ,gen_list_1,bim,cifar,,conv12,1.0
exp_4084,squeezer_det,L2 L1 Linf L0 mse uqi ergas sam scc rase psnrb,bim0.010.1_succ,gen_list_1,bim,cifar,,conv12,0.6666666666666666
exp_4084,squeezer_det,L2 L1 Linf L0 mse uqi ergas sam scc rase psnrb,bim0.010.1_miss,gen_list_1,bim,cifar,,conv12,1.0
exp_4084,squeezer_det,L2 L1 Linf L0 mse uqi ergas sam scc rase psnrb,bim0.030.1_succ,gen_list_1,bim,cifar,,conv12,0.6
exp_4084,squeezer_det,L2 L1 Linf L0 mse uqi ergas sam scc rase psnrb,bim0.030.1_miss,gen_list_1,bim,cifar,,conv12,1.0
exp_4084,squeezer_det,L2 L1 Linf L0 mse uqi ergas sam scc rase psnrb,bim0.050.1_succ,gen_list_1,bim,cifar,,conv12,0.7692307692307693
exp_4084,squeezer_det,L2 L1 Linf L0 mse uqi ergas sam scc rase psnrb,bim0.050.1_miss,gen_list_1,bim,cifar,,conv12,1.0
exp_4084,squeezer_det,L2 L1 Linf L0 mse uqi ergas sam scc rase psnrb,bim0.070.1_succ,gen_list_1,bim,cifar,,conv12,0.6470588235294118
exp_4084,squeezer_det,L2 L1 Linf L0 mse uqi ergas sam scc rase psnrb,bim0.090.1_succ,gen_list_1,bim,cifar,,conv12,0.8235294117647058
exp_4084,squeezer_det,L2 L1 Linf L0 mse uqi ergas sam scc rase psnrb,bim0.0010.1_succ,gen_list_1,bim,cifar,,conv12,1.0
exp_4084,squeezer_det,L2 L1 Linf L0 mse uqi ergas sam scc rase psnrb,bim0.0010.1_miss,gen_list_1,bim,cifar,,conv12,1.0
exp_4084,squeezer_det,L2 L1 Linf L0 mse uqi ergas sam scc rase psnrb,bim0.0030.1_succ,gen_list_1,bim,cifar,,conv12,1.0
exp_4084,squeezer_det,L2 L1 Linf L0 mse uqi ergas sam scc rase psnrb,bim0.0030.1_miss,gen_list_1,bim,cifar,,conv12,1.0
exp_4084,squeezer_det,L2 L1 Linf L0 mse uqi ergas sam scc rase psnrb,bim0.0050.1_succ,gen_list_1,bim,cifar,,conv12,0.8571428571428571
exp_4084,squeezer_det,L2 L1 Linf L0 mse uqi ergas sam scc rase psnrb,bim0.0050.1_miss,gen_list_1,bim,cifar,,conv12,1.0
exp_4084,squeezer_det,L2 L1 Linf L0 mse uqi ergas sam scc rase psnrb,bim0.0070.1_succ,gen_list_1,bim,cifar,,conv12,0.8666666666666667
exp_4084,squeezer_det,L2 L1 Linf L0 mse uqi ergas sam scc rase psnrb,bim0.0070.1_miss,gen_list_1,bim,cifar,,conv12,1.0
exp_4084,squeezer_det,L2 L1 Linf L0 mse uqi ergas sam scc rase psnrb,bim0.0090.1_succ,gen_list_1,bim,cifar,,conv12,0.7333333333333333
exp_4084,squeezer_det,L2 L1 Linf L0 mse uqi ergas sam scc rase psnrb,bim0.0090.1_miss,gen_list_1,bim,cifar,,conv12,1.0
exp_4084,squeezer_det,L2 L1 Linf L0 mse uqi ergas sam scc rase psnrb,fgm0.01_succ,gen_list_1,fgm,cifar,,conv12,0.9375
exp_4084,squeezer_det,L2 L1 Linf L0 mse uqi ergas sam scc rase psnrb,fgm0.01_miss,gen_list_1,fgm,cifar,,conv12,1.0
exp_4084,squeezer_det,L2 L1 Linf L0 mse uqi ergas sam scc rase psnrb,fgm0.03_succ,gen_list_1,fgm,cifar,,conv12,0.8125
exp_4084,squeezer_det,L2 L1 Linf L0 mse uqi ergas sam scc rase psnrb,fgm0.03_miss,gen_list_1,fgm,cifar,,conv12,1.0
exp_4084,squeezer_det,L2 L1 Linf L0 mse uqi ergas sam scc rase psnrb,fgm0.05_succ,gen_list_1,fgm,cifar,,conv12,1.0
exp_4084,squeezer_det,L2 L1 Linf L0 mse uqi ergas sam scc rase psnrb,fgm0.05_miss,gen_list_1,fgm,cifar,,conv12,1.0
exp_4084,squeezer_det,L2 L1 Linf L0 mse uqi ergas sam scc rase psnrb,fgm0.07_succ,gen_list_1,fgm,cifar,,conv12,1.0
exp_4084,squeezer_det,L2 L1 Linf L0 mse uqi ergas sam scc rase psnrb,fgm0.07_miss,gen_list_1,fgm,cifar,,conv12,1.0
exp_4084,squeezer_det,L2 L1 Linf L0 mse uqi ergas sam scc rase psnrb,fgm0.09_succ,gen_list_1,fgm,cifar,,conv12,1.0
exp_4084,squeezer_det,L2 L1 Linf L0 mse uqi ergas sam scc rase psnrb,fgm0.09_miss,gen_list_1,fgm,cifar,,conv12,1.0
exp_4084,squeezer_det,L2 L1 Linf L0 mse uqi ergas sam scc rase psnrb,fgm0.001_succ,gen_list_1,fgm,cifar,,conv12,1.0
exp_4084,squeezer_det,L2 L1 Linf L0 mse uqi ergas sam scc rase psnrb,fgm0.001_miss,gen_list_1,fgm,cifar,,conv12,1.0
exp_4084,squeezer_det,L2 L1 Linf L0 mse uqi ergas sam scc rase psnrb,fgm0.003_succ,gen_list_1,fgm,cifar,,conv12,1.0
exp_4084,squeezer_det,L2 L1 Linf L0 mse uqi ergas sam scc rase psnrb,fgm0.003_miss,gen_list_1,fgm,cifar,,conv12,1.0
exp_4084,squeezer_det,L2 L1 Linf L0 mse uqi ergas sam scc rase psnrb,fgm0.005_succ,gen_list_1,fgm,cifar,,conv12,0.9230769230769231
exp_4084,squeezer_det,L2 L1 Linf L0 mse uqi ergas sam scc rase psnrb,fgm0.005_miss,gen_list_1,fgm,cifar,,conv12,1.0
exp_4084,squeezer_det,L2 L1 Linf L0 mse uqi ergas sam scc rase psnrb,fgm0.007_succ,gen_list_1,fgm,cifar,,conv12,0.9285714285714286
exp_4084,squeezer_det,L2 L1 Linf L0 mse uqi ergas sam scc rase psnrb,fgm0.007_miss,gen_list_1,fgm,cifar,,conv12,1.0
exp_4084,squeezer_det,L2 L1 Linf L0 mse uqi ergas sam scc rase psnrb,fgm0.009_succ,gen_list_1,fgm,cifar,,conv12,0.875
exp_4084,squeezer_det,L2 L1 Linf L0 mse uqi ergas sam scc rase psnrb,fgm0.009_miss,gen_list_1,fgm,cifar,,conv12,1.0
exp_4084,squeezer_det,L2 L1 Linf L0 mse uqi ergas sam scc rase psnrb,deep10.0100_succ,gen_list_1,deep,cifar,,conv12,0.7058823529411765
exp_4084,squeezer_det,L2 L1 Linf L0 mse uqi ergas sam scc rase psnrb,deep8.0100_succ,gen_list_1,deep,cifar,,conv12,0.7058823529411765
exp_4084,squeezer_det,L2 L1 Linf L0 mse uqi ergas sam scc rase psnrb,deep6.0100_succ,gen_list_1,deep,cifar,,conv12,0.7058823529411765
exp_4084,squeezer_det,L2 L1 Linf L0 mse uqi ergas sam scc rase psnrb,deep4.0100_succ,gen_list_1,deep,cifar,,conv12,0.5882352941176471
exp_4084,squeezer_det,L2 L1 Linf L0 mse uqi ergas sam scc rase psnrb,deep2.0100_succ,gen_list_1,deep,cifar,,conv12,0.7058823529411765
exp_4084,squeezer_det,L2 L1 Linf L0 mse uqi ergas sam scc rase psnrb,deep0.0100_succ,gen_list_1,deep,cifar,,conv12,1.0
exp_4084,squeezer_det,L2 L1 Linf L0 mse uqi ergas sam scc rase psnrb,deep0.0100_miss,gen_list_1,deep,cifar,,conv12,1.0
exp_4084,squeezer_det,L2 L1 Linf L0 mse uqi ergas sam scc rase psnrb,deep5.010_succ,gen_list_1,deep,cifar,,conv12,0.8235294117647058
exp_4084,squeezer_det,L2 L1 Linf L0 mse uqi ergas sam scc rase psnrb,deep5.030_succ,gen_list_1,deep,cifar,,conv12,0.8235294117647058
exp_4084,squeezer_det,L2 L1 Linf L0 mse uqi ergas sam scc rase psnrb,deep5.050_succ,gen_list_1,deep,cifar,,conv12,0.8235294117647058
exp_4084,squeezer_det,L2 L1 Linf L0 mse uqi ergas sam scc rase psnrb,deep5.070_succ,gen_list_1,deep,cifar,,conv12,0.8235294117647058
exp_4084,squeezer_det,L2 L1 Linf L0 mse uqi ergas sam scc rase psnrb,deep5.090_succ,gen_list_1,deep,cifar,,conv12,0.8235294117647058
exp_4084,squeezer_det,L2 L1 Linf L0 mse uqi ergas sam scc rase psnrb,deep5.0100_succ,gen_list_1,deep,cifar,,conv12,0.8235294117647058
exp_4084,squeezer_det,L2 L1 Linf L0 mse uqi ergas sam scc rase psnrb,deep5.0150_succ,gen_list_1,deep,cifar,,conv12,0.8235294117647058
exp_4084,squeezer_det,L2 L1 Linf L0 mse uqi ergas sam scc rase psnrb,deep5.0200_succ,gen_list_1,deep,cifar,,conv12,0.8235294117647058
exp_4084,squeezer_det,L2 L1 Linf L0 mse uqi ergas sam scc rase psnrb,deep5.0300_succ,gen_list_1,deep,cifar,,conv12,0.8235294117647058
exp_4084,squeezer_det,L2 L1 Linf L0 mse uqi ergas sam scc rase psnrb,cw250.0100_succ,gen_list_3,cw2,cifar,,conv12,0.5294117647058824
exp_4084,squeezer_det,L2 L1 Linf L0 mse uqi ergas sam scc rase psnrb,cw240.0100_succ,gen_list_3,cw2,cifar,,conv12,0.47058823529411764
exp_4084,squeezer_det,L2 L1 Linf L0 mse uqi ergas sam scc rase psnrb,cw230.0100_succ,gen_list_3,cw2,cifar,,conv12,0.47058823529411764
exp_4084,squeezer_det,L2 L1 Linf L0 mse uqi ergas sam scc rase psnrb,cw220.0100_succ,gen_list_3,cw2,cifar,,conv12,0.5882352941176471
exp_4084,squeezer_det,L2 L1 Linf L0 mse uqi ergas sam scc rase psnrb,cw215.0100_succ,gen_list_3,cw2,cifar,,conv12,0.35294117647058826
exp_4084,squeezer_det,L2 L1 Linf L0 mse uqi ergas sam scc rase psnrb,cw210.0100_succ,gen_list_3,cw2,cifar,,conv12,0.29411764705882354
exp_4084,squeezer_det,L2 L1 Linf L0 mse uqi ergas sam scc rase psnrb,cw25.0100_succ,gen_list_3,cw2,cifar,,conv12,0.8823529411764706
exp_4084,squeezer_det,L2 L1 Linf L0 mse uqi ergas sam scc rase psnrb,cw21.0100_succ,gen_list_3,cw2,cifar,,conv12,1.0
exp_4084,squeezer_det,L2 L1 Linf L0 mse uqi ergas sam scc rase psnrb,cw210.010_succ,gen_list_3,cw2,cifar,,conv12,0.4117647058823529
exp_4084,squeezer_det,L2 L1 Linf L0 mse uqi ergas sam scc rase psnrb,cw210.030_succ,gen_list_3,cw2,cifar,,conv12,0.23529411764705882
exp_4084,squeezer_det,L2 L1 Linf L0 mse uqi ergas sam scc rase psnrb,cw210.050_succ,gen_list_3,cw2,cifar,,conv12,0.29411764705882354
exp_4084,squeezer_det,L2 L1 Linf L0 mse uqi ergas sam scc rase psnrb,cw210.060_succ,gen_list_3,cw2,cifar,,conv12,0.29411764705882354
exp_4084,squeezer_det,L2 L1 Linf L0 mse uqi ergas sam scc rase psnrb,cw210.080_succ,gen_list_3,cw2,cifar,,conv12,0.29411764705882354
exp_4084,squeezer_det,L2 L1 Linf L0 mse uqi ergas sam scc rase psnrb,cw210.0200_succ,gen_list_3,cw2,cifar,,conv12,0.29411764705882354
exp_4084,squeezer_det,L2 L1 Linf L0 mse uqi ergas sam scc rase psnrb,cw210.0500_succ,gen_list_3,cw2,cifar,,conv12,0.29411764705882354
exp_4084,squeezer_det,L2 L1 Linf L0 mse uqi ergas sam scc rase psnrb,cw210.0800_succ,gen_list_3,cw2,cifar,,conv12,0.29411764705882354
exp_4084,squeezer_det,L2 L1 Linf L0 mse uqi ergas sam scc rase psnrb,cw210.01000_succ,gen_list_3,cw2,cifar,,conv12,0.29411764705882354
exp_4084,squeezer_det,L2 L1 Linf L0 mse uqi ergas sam scc rase psnrb,boundary50000.010.0125_succ,gen_list_boundary,boundary,cifar,,conv12,1.0
exp_4084,squeezer_det,L2 L1 Linf L0 mse uqi ergas sam scc rase psnrb,boundary50000.010.0125_miss,gen_list_boundary,boundary,cifar,,conv12,1.0
exp_4084,squeezer_det,L2 L1 Linf L0 mse uqi ergas sam scc rase psnrb,boundary45000.010.0125_succ,gen_list_boundary,boundary,cifar,,conv12,0.9411764705882353
exp_4084,squeezer_det,L2 L1 Linf L0 mse uqi ergas sam scc rase psnrb,boundary40000.010.0125_succ,gen_list_boundary,boundary,cifar,,conv12,0.9411764705882353
exp_4084,squeezer_det,L2 L1 Linf L0 mse uqi ergas sam scc rase psnrb,boundary35000.010.0125_succ,gen_list_boundary,boundary,cifar,,conv12,0.9411764705882353
exp_4084,squeezer_det,L2 L1 Linf L0 mse uqi ergas sam scc rase psnrb,boundary30000.010.0125_succ,gen_list_boundary,boundary,cifar,,conv12,0.9375
exp_4084,squeezer_det,L2 L1 Linf L0 mse uqi ergas sam scc rase psnrb,boundary30000.010.0125_miss,gen_list_boundary,boundary,cifar,,conv12,1.0
exp_4084,squeezer_det,L2 L1 Linf L0 mse uqi ergas sam scc rase psnrb,boundary25000.010.0125_succ,gen_list_boundary,boundary,cifar,,conv12,1.0
exp_4084,squeezer_det,L2 L1 Linf L0 mse uqi ergas sam scc rase psnrb,boundary20000.010.0125_succ,gen_list_boundary,boundary,cifar,,conv12,1.0
exp_4084,squeezer_det,L2 L1 Linf L0 mse uqi ergas sam scc rase psnrb,boundary15000.010.0125_succ,gen_list_boundary,boundary,cifar,,conv12,0.9411764705882353
exp_4084,squeezer_det,L2 L1 Linf L0 mse uqi ergas sam scc rase psnrb,boundary10000.010.0125_succ,gen_list_boundary,boundary,cifar,,conv12,1.0
exp_4084,squeezer_det,L2 L1 Linf L0 mse uqi ergas sam scc rase psnrb,boundary5000.010.0125_succ,gen_list_boundary,boundary,cifar,,conv12,0.8823529411764706
exp_4084,squeezer_det,L2 L1 Linf L0 mse uqi ergas sam scc rase psnrb,boundary45000.010.0325_succ,gen_list_boundary,boundary,cifar,,conv12,1.0
exp_4084,squeezer_det,L2 L1 Linf L0 mse uqi ergas sam scc rase psnrb,boundary40000.010.0525_succ,gen_list_boundary,boundary,cifar,,conv12,1.0
exp_4084,squeezer_det,L2 L1 Linf L0 mse uqi ergas sam scc rase psnrb,boundary35000.010.0725_succ,gen_list_boundary,boundary,cifar,,conv12,1.0
exp_4084,squeezer_det,L2 L1 Linf L0 mse uqi ergas sam scc rase psnrb,boundary30000.010.0925_succ,gen_list_boundary,boundary,cifar,,conv12,0.9411764705882353
exp_4084,squeezer_det,L2 L1 Linf L0 mse uqi ergas sam scc rase psnrb,boundary25000.010.125_succ,gen_list_boundary,boundary,cifar,,conv12,1.0
exp_4084,squeezer_det,L2 L1 Linf L0 mse uqi ergas sam scc rase psnrb,boundary25000.010.125_miss,gen_list_boundary,boundary,cifar,,conv12,1.0
exp_4084,squeezer_det,L2 L1 Linf L0 mse uqi ergas sam scc rase psnrb,boundary20000.010.325_succ,gen_list_boundary,boundary,cifar,,conv12,1.0
exp_4084,squeezer_det,L2 L1 Linf L0 mse uqi ergas sam scc rase psnrb,boundary15000.010.525_succ,gen_list_boundary,boundary,cifar,,conv12,1.0
exp_4084,squeezer_det,L2 L1 Linf L0 mse uqi ergas sam scc rase psnrb,boundary10000.010.725_succ,gen_list_boundary,boundary,cifar,,conv12,0.8823529411764706
exp_4084,squeezer_det,L2 L1 Linf L0 mse uqi ergas sam scc rase psnrb,boundary5000.010.925_succ,gen_list_boundary,boundary,cifar,,conv12,0.9411764705882353
exp_4084,squeezer_det,L2 L1 Linf L0 mse uqi ergas sam scc rase psnrb,boundary50000.010.00125_succ,gen_list_boundary,boundary,cifar,,conv12,1.0
exp_4084,squeezer_det,L2 L1 Linf L0 mse uqi ergas sam scc rase psnrb,boundary50000.010.00325_succ,gen_list_boundary,boundary,cifar,,conv12,1.0
exp_4084,squeezer_det,L2 L1 Linf L0 mse uqi ergas sam scc rase psnrb,boundary50000.010.00525_succ,gen_list_boundary,boundary,cifar,,conv12,0.875
exp_4084,squeezer_det,L2 L1 Linf L0 mse uqi ergas sam scc rase psnrb,boundary50000.010.00525_miss,gen_list_boundary,boundary,cifar,,conv12,1.0
exp_4084,squeezer_det,L2 L1 Linf L0 mse uqi ergas sam scc rase psnrb,boundary50000.010.00725_succ,gen_list_boundary,boundary,cifar,,conv12,1.0
exp_4084,squeezer_det,L2 L1 Linf L0 mse uqi ergas sam scc rase psnrb,boundary50000.010.00725_miss,gen_list_boundary,boundary,cifar,,conv12,1.0
exp_4084,squeezer_det,L2 L1 Linf L0 mse uqi ergas sam scc rase psnrb,boundary50000.010.00925_succ,gen_list_boundary,boundary,cifar,,conv12,0.9411764705882353
exp_4084,squeezer_det,L2 L1 Linf L0 mse uqi ergas sam scc rase psnrb,boundary50000.030.0125_succ,gen_list_boundary,boundary,cifar,,conv12,0.9411764705882353
exp_4084,squeezer_det,L2 L1 Linf L0 mse uqi ergas sam scc rase psnrb,boundary50000.050.0225_succ,gen_list_boundary,boundary,cifar,,conv12,1.0
exp_4084,squeezer_det,L2 L1 Linf L0 mse uqi ergas sam scc rase psnrb,boundary50000.050.0225_miss,gen_list_boundary,boundary,cifar,,conv12,1.0
exp_4084,squeezer_det,L2 L1 Linf L0 mse uqi ergas sam scc rase psnrb,boundary50000.070.0225_succ,gen_list_boundary,boundary,cifar,,conv12,1.0
exp_4084,squeezer_det,L2 L1 Linf L0 mse uqi ergas sam scc rase psnrb,boundary50000.070.0225_miss,gen_list_boundary,boundary,cifar,,conv12,1.0
exp_4084,squeezer_det,L2 L1 Linf L0 mse uqi ergas sam scc rase psnrb,boundary50000.090.0325_succ,gen_list_boundary,boundary,cifar,,conv12,0.9411764705882353
exp_4084,squeezer_det,L2 L1 Linf L0 mse uqi ergas sam scc rase psnrb,boundary50000.10.0325_succ,gen_list_boundary,boundary,cifar,,conv12,0.9411764705882353
exp_4084,squeezer_det,L2 L1 Linf L0 mse uqi ergas sam scc rase psnrb,boundary50000.30.0425_succ,gen_list_boundary,boundary,cifar,,conv12,0.9411764705882353
exp_4084,squeezer_det,L2 L1 Linf L0 mse uqi ergas sam scc rase psnrb,boundary50000.50.0425_succ,gen_list_boundary,boundary,cifar,,conv12,1.0
exp_4084,squeezer_det,L2 L1 Linf L0 mse uqi ergas sam scc rase psnrb,boundary50000.70.0525_succ,gen_list_boundary,boundary,cifar,,conv12,1.0
exp_4084,squeezer_det,L2 L1 Linf L0 mse uqi ergas sam scc rase psnrb,boundary50000.90.0525_succ,gen_list_boundary,boundary,cifar,,conv12,0.9375
exp_4084,squeezer_det,L2 L1 Linf L0 mse uqi ergas sam scc rase psnrb,boundary50000.90.0525_miss,gen_list_boundary,boundary,cifar,,conv12,1.0
exp_4084,squeezer_det,L2 L1 Linf L0 mse uqi ergas sam scc rase psnrb,boundary50000.0010.0625_succ,gen_list_boundary,boundary,cifar,,conv12,1.0
exp_4084,squeezer_det,L2 L1 Linf L0 mse uqi ergas sam scc rase psnrb,boundary50000.0030.0625_succ,gen_list_boundary,boundary,cifar,,conv12,0.875
exp_4084,squeezer_det,L2 L1 Linf L0 mse uqi ergas sam scc rase psnrb,boundary50000.0030.0625_miss,gen_list_boundary,boundary,cifar,,conv12,1.0
exp_4084,squeezer_det,L2 L1 Linf L0 mse uqi ergas sam scc rase psnrb,boundary50000.0050.0725_succ,gen_list_boundary,boundary,cifar,,conv12,0.9375
exp_4084,squeezer_det,L2 L1 Linf L0 mse uqi ergas sam scc rase psnrb,boundary50000.0050.0725_miss,gen_list_boundary,boundary,cifar,,conv12,1.0
exp_4084,squeezer_det,L2 L1 Linf L0 mse uqi ergas sam scc rase psnrb,boundary50000.0070.0725_succ,gen_list_boundary,boundary,cifar,,conv12,0.9411764705882353
exp_4084,squeezer_det,L2 L1 Linf L0 mse uqi ergas sam scc rase psnrb,boundary50000.0090.0825_succ,gen_list_boundary,boundary,cifar,,conv12,1.0
exp_4084,squeezer_det,L2 L1 Linf L0 mse uqi ergas sam scc rase psnrb,elastic100.0_succ,gen_list_elastic,elastic,cifar,,conv12,1.0
exp_4084,squeezer_det,L2 L1 Linf L0 mse uqi ergas sam scc rase psnrb,elastic300.0_succ,gen_list_elastic,elastic,cifar,,conv12,1.0
exp_4084,squeezer_det,L2 L1 Linf L0 mse uqi ergas sam scc rase psnrb,elastic500.0_succ,gen_list_elastic,elastic,cifar,,conv12,1.0
exp_4084,squeezer_det,L2 L1 Linf L0 mse uqi ergas sam scc rase psnrb,elastic700.0_succ,gen_list_elastic,elastic,cifar,,conv12,1.0
exp_4084,squeezer_det,L2 L1 Linf L0 mse uqi ergas sam scc rase psnrb,elastic101.0_succ,gen_list_elastic,elastic,cifar,,conv12,1.0
exp_4084,squeezer_det,L2 L1 Linf L0 mse uqi ergas sam scc rase psnrb,elastic301.0_succ,gen_list_elastic,elastic,cifar,,conv12,1.0
exp_4084,squeezer_det,L2 L1 Linf L0 mse uqi ergas sam scc rase psnrb,elastic501.0_succ,gen_list_elastic,elastic,cifar,,conv12,1.0
exp_4084,squeezer_det,L2 L1 Linf L0 mse uqi ergas sam scc rase psnrb,elastic701.0_succ,gen_list_elastic,elastic,cifar,,conv12,1.0
exp_4084,squeezer_det,L2 L1 Linf L0 mse uqi ergas sam scc rase psnrb,elastic901.0_succ,gen_list_elastic,elastic,cifar,,conv12,1.0
exp_4084,squeezer_det,L2 L1 Linf L0 mse uqi ergas sam scc rase psnrb,elastic103.0_succ,gen_list_elastic,elastic,cifar,,conv12,1.0
exp_4084,squeezer_det,L2 L1 Linf L0 mse uqi ergas sam scc rase psnrb,elastic303.0_succ,gen_list_elastic,elastic,cifar,,conv12,1.0
exp_4084,squeezer_det,L2 L1 Linf L0 mse uqi ergas sam scc rase psnrb,elastic503.0_succ,gen_list_elastic,elastic,cifar,,conv12,1.0
exp_4084,squeezer_det,L2 L1 Linf L0 mse uqi ergas sam scc rase psnrb,elastic703.0_succ,gen_list_elastic,elastic,cifar,,conv12,1.0
exp_4084,squeezer_det,L2 L1 Linf L0 mse uqi ergas sam scc rase psnrb,elastic903.0_succ,gen_list_elastic,elastic,cifar,,conv12,1.0
exp_4084,squeezer_det,L2 L1 Linf L0 mse uqi ergas sam scc rase psnrb,elastic105.0_succ,gen_list_elastic,elastic,cifar,,conv12,1.0
exp_4084,squeezer_det,L2 L1 Linf L0 mse uqi ergas sam scc rase psnrb,elastic305.0_succ,gen_list_elastic,elastic,cifar,,conv12,1.0
exp_4084,squeezer_det,L2 L1 Linf L0 mse uqi ergas sam scc rase psnrb,elastic505.0_succ,gen_list_elastic,elastic,cifar,,conv12,1.0
exp_4084,squeezer_det,L2 L1 Linf L0 mse uqi ergas sam scc rase psnrb,elastic705.0_succ,gen_list_elastic,elastic,cifar,,conv12,1.0
exp_4084,squeezer_det,L2 L1 Linf L0 mse uqi ergas sam scc rase psnrb,elastic905.0_succ,gen_list_elastic,elastic,cifar,,conv12,1.0
exp_4084,squeezer_det,L2 L1 Linf L0 mse uqi ergas sam scc rase psnrb,elastic107.0_succ,gen_list_elastic,elastic,cifar,,conv12,1.0
exp_4084,squeezer_det,L2 L1 Linf L0 mse uqi ergas sam scc rase psnrb,elastic307.0_succ,gen_list_elastic,elastic,cifar,,conv12,1.0
exp_4084,squeezer_det,L2 L1 Linf L0 mse uqi ergas sam scc rase psnrb,elastic507.0_succ,gen_list_elastic,elastic,cifar,,conv12,1.0
exp_4084,squeezer_det,L2 L1 Linf L0 mse uqi ergas sam scc rase psnrb,elastic707.0_succ,gen_list_elastic,elastic,cifar,,conv12,1.0
exp_4084,squeezer_det,L2 L1 Linf L0 mse uqi ergas sam scc rase psnrb,elastic907.0_succ,gen_list_elastic,elastic,cifar,,conv12,1.0
exp_4084,squeezer_det,L2 L1 Linf L0 mse uqi ergas sam scc rase psnrb,elastic1010.0_succ,gen_list_elastic,elastic,cifar,,conv12,1.0
exp_4084,squeezer_det,L2 L1 Linf L0 mse uqi ergas sam scc rase psnrb,elastic3010.0_succ,gen_list_elastic,elastic,cifar,,conv12,1.0
exp_4084,squeezer_det,L2 L1 Linf L0 mse uqi ergas sam scc rase psnrb,elastic5010.0_succ,gen_list_elastic,elastic,cifar,,conv12,1.0
exp_4084,squeezer_det,L2 L1 Linf L0 mse uqi ergas sam scc rase psnrb,elastic7010.0_succ,gen_list_elastic,elastic,cifar,,conv12,1.0
exp_4084,squeezer_det,L2 L1 Linf L0 mse uqi ergas sam scc rase psnrb,elastic9010.0_succ,gen_list_elastic,elastic,cifar,,conv12,1.0
exp_4084,squeezer_det,L2 L1 Linf L0 mse uqi ergas sam scc rase psnrb,elastic1020.0_succ,gen_list_elastic,elastic,cifar,,conv12,1.0
exp_4084,squeezer_det,L2 L1 Linf L0 mse uqi ergas sam scc rase psnrb,elastic3020.0_succ,gen_list_elastic,elastic,cifar,,conv12,1.0
exp_4084,squeezer_det,L2 L1 Linf L0 mse uqi ergas sam scc rase psnrb,elastic5020.0_succ,gen_list_elastic,elastic,cifar,,conv12,1.0
exp_4084,squeezer_det,L2 L1 Linf L0 mse uqi ergas sam scc rase psnrb,elastic7020.0_succ,gen_list_elastic,elastic,cifar,,conv12,1.0
exp_4084,squeezer_det,L2 L1 Linf L0 mse uqi ergas sam scc rase psnrb,elastic9020.0_succ,gen_list_elastic,elastic,cifar,,conv12,1.0
exp_4084,squeezer_det,L2 L1 Linf L0 mse uqi ergas sam scc rase psnrb,elastic1050.0_succ,gen_list_elastic,elastic,cifar,,conv12,1.0
exp_4084,squeezer_det,L2 L1 Linf L0 mse uqi ergas sam scc rase psnrb,elastic3050.0_succ,gen_list_elastic,elastic,cifar,,conv12,1.0
exp_4084,squeezer_det,L2 L1 Linf L0 mse uqi ergas sam scc rase psnrb,elastic5050.0_succ,gen_list_elastic,elastic,cifar,,conv12,1.0
exp_4084,squeezer_det,L2 L1 Linf L0 mse uqi ergas sam scc rase psnrb,elastic7050.0_succ,gen_list_elastic,elastic,cifar,,conv12,1.0
exp_4084,squeezer_det,L2 L1 Linf L0 mse uqi ergas sam scc rase psnrb,elastic9050.0_succ,gen_list_elastic,elastic,cifar,,conv12,1.0
exp_4084,squeezer_det,L2 L1 Linf L0 mse uqi ergas sam scc rase psnrb,newton0.1100_succ,gen_list_newton,newton,cifar,,conv12,0.7647058823529411
exp_4084,squeezer_det,L2 L1 Linf L0 mse uqi ergas sam scc rase psnrb,newton0.03100_succ,gen_list_newton,newton,cifar,,conv12,0.7647058823529411
exp_4084,squeezer_det,L2 L1 Linf L0 mse uqi ergas sam scc rase psnrb,newton0.05100_succ,gen_list_newton,newton,cifar,,conv12,0.7647058823529411
exp_4084,squeezer_det,L2 L1 Linf L0 mse uqi ergas sam scc rase psnrb,newton0.07100_succ,gen_list_newton,newton,cifar,,conv12,0.7647058823529411
exp_4084,squeezer_det,L2 L1 Linf L0 mse uqi ergas sam scc rase psnrb,newton0.09100_succ,gen_list_newton,newton,cifar,,conv12,0.7647058823529411
exp_4084,squeezer_det,L2 L1 Linf L0 mse uqi ergas sam scc rase psnrb,newton1.0100_succ,gen_list_newton,newton,cifar,,conv12,0.7647058823529411
exp_4084,squeezer_det,L2 L1 Linf L0 mse uqi ergas sam scc rase psnrb,newton3.0100_succ,gen_list_newton,newton,cifar,,conv12,0.7647058823529411
exp_4084,squeezer_det,L2 L1 Linf L0 mse uqi ergas sam scc rase psnrb,newton5.0100_succ,gen_list_newton,newton,cifar,,conv12,0.7647058823529411
exp_4084,squeezer_det,L2 L1 Linf L0 mse uqi ergas sam scc rase psnrb,newton7.0100_succ,gen_list_newton,newton,cifar,,conv12,0.7647058823529411
exp_4084,squeezer_det,L2 L1 Linf L0 mse uqi ergas sam scc rase psnrb,newton9.0100_succ,gen_list_newton,newton,cifar,,conv12,0.7647058823529411
exp_4084,squeezer_det,L2 L1 Linf L0 mse uqi ergas sam scc rase psnrb,newton0.0110_succ,gen_list_newton,newton,cifar,,conv12,0.8235294117647058
exp_4084,squeezer_det,L2 L1 Linf L0 mse uqi ergas sam scc rase psnrb,newton0.0130_succ,gen_list_newton,newton,cifar,,conv12,0.8235294117647058
exp_4084,squeezer_det,L2 L1 Linf L0 mse uqi ergas sam scc rase psnrb,newton0.0150_succ,gen_list_newton,newton,cifar,,conv12,0.8235294117647058
exp_4084,squeezer_det,L2 L1 Linf L0 mse uqi ergas sam scc rase psnrb,newton0.0170_succ,gen_list_newton,newton,cifar,,conv12,0.8235294117647058
exp_4084,squeezer_det,L2 L1 Linf L0 mse uqi ergas sam scc rase psnrb,newton0.0190_succ,gen_list_newton,newton,cifar,,conv12,0.8235294117647058
exp_4084,squeezer_det,L2 L1 Linf L0 mse uqi ergas sam scc rase psnrb,newton0.01100_succ,gen_list_newton,newton,cifar,,conv12,0.8235294117647058
exp_4084,squeezer_det,L2 L1 Linf L0 mse uqi ergas sam scc rase psnrb,newton0.01150_succ,gen_list_newton,newton,cifar,,conv12,0.8235294117647058
exp_4084,squeezer_det,L2 L1 Linf L0 mse uqi ergas sam scc rase psnrb,newton0.01200_succ,gen_list_newton,newton,cifar,,conv12,0.8235294117647058
exp_4084,squeezer_det,L2 L1 Linf L0 mse uqi ergas sam scc rase psnrb,newton0.01300_succ,gen_list_newton,newton,cifar,,conv12,0.8235294117647058
exp_4084,squeezer_det,L2 L1 Linf L0 mse uqi ergas sam scc rase psnrb,pgd0.1100_succ,gen_list_pgd,pgd,cifar,,conv12,1.0
exp_4084,squeezer_det,L2 L1 Linf L0 mse uqi ergas sam scc rase psnrb,pgd0.03100_succ,gen_list_pgd,pgd,cifar,,conv12,1.0
exp_4084,squeezer_det,L2 L1 Linf L0 mse uqi ergas sam scc rase psnrb,pgd0.05100_succ,gen_list_pgd,pgd,cifar,,conv12,1.0
exp_4084,squeezer_det,L2 L1 Linf L0 mse uqi ergas sam scc rase psnrb,pgd0.07100_succ,gen_list_pgd,pgd,cifar,,conv12,1.0
exp_4084,squeezer_det,L2 L1 Linf L0 mse uqi ergas sam scc rase psnrb,pgd0.09100_succ,gen_list_pgd,pgd,cifar,,conv12,1.0
exp_4084,squeezer_det,L2 L1 Linf L0 mse uqi ergas sam scc rase psnrb,pgd1.0100_succ,gen_list_pgd,pgd,cifar,,conv12,1.0
exp_4084,squeezer_det,L2 L1 Linf L0 mse uqi ergas sam scc rase psnrb,pgd3.0100_succ,gen_list_pgd,pgd,cifar,,conv12,1.0
exp_4084,squeezer_det,L2 L1 Linf L0 mse uqi ergas sam scc rase psnrb,pgd5.0100_succ,gen_list_pgd,pgd,cifar,,conv12,1.0
exp_4084,squeezer_det,L2 L1 Linf L0 mse uqi ergas sam scc rase psnrb,pgd7.0100_succ,gen_list_pgd,pgd,cifar,,conv12,1.0
exp_4084,squeezer_det,L2 L1 Linf L0 mse uqi ergas sam scc rase psnrb,pgd9.0100_succ,gen_list_pgd,pgd,cifar,,conv12,1.0
exp_4084,squeezer_det,L2 L1 Linf L0 mse uqi ergas sam scc rase psnrb,pgd0.110_succ,gen_list_pgd,pgd,cifar,,conv12,1.0
exp_4084,squeezer_det,L2 L1 Linf L0 mse uqi ergas sam scc rase psnrb,pgd0.130_succ,gen_list_pgd,pgd,cifar,,conv12,1.0
exp_4084,squeezer_det,L2 L1 Linf L0 mse uqi ergas sam scc rase psnrb,pgd0.150_succ,gen_list_pgd,pgd,cifar,,conv12,1.0
exp_4084,squeezer_det,L2 L1 Linf L0 mse uqi ergas sam scc rase psnrb,pgd0.170_succ,gen_list_pgd,pgd,cifar,,conv12,1.0
exp_4084,squeezer_det,L2 L1 Linf L0 mse uqi ergas sam scc rase psnrb,pgd0.190_succ,gen_list_pgd,pgd,cifar,,conv12,1.0
exp_4084,squeezer_det,L2 L1 Linf L0 mse uqi ergas sam scc rase psnrb,pgd0.1150_succ,gen_list_pgd,pgd,cifar,,conv12,1.0
exp_4084,squeezer_det,L2 L1 Linf L0 mse uqi ergas sam scc rase psnrb,pgd0.1200_succ,gen_list_pgd,pgd,cifar,,conv12,1.0
exp_4084,squeezer_det,L2 L1 Linf L0 mse uqi ergas sam scc rase psnrb,pgd0.1300_succ,gen_list_pgd,pgd,cifar,,conv12,1.0
exp_4084,squeezer_det,L2 L1 Linf L0 mse uqi ergas sam scc rase psnrb,zoo11010.0_succ,gen_list_zoo,zoo,cifar,,conv12,1.0
exp_4084,squeezer_det,L2 L1 Linf L0 mse uqi ergas sam scc rase psnrb,zoo11010.0_miss,gen_list_zoo,zoo,cifar,,conv12,1.0
exp_4084,squeezer_det,L2 L1 Linf L0 mse uqi ergas sam scc rase psnrb,zoo12010.0_succ,gen_list_zoo,zoo,cifar,,conv12,1.0
exp_4084,squeezer_det,L2 L1 Linf L0 mse uqi ergas sam scc rase psnrb,zoo12010.0_miss,gen_list_zoo,zoo,cifar,,conv12,1.0
exp_4084,squeezer_det,L2 L1 Linf L0 mse uqi ergas sam scc rase psnrb,zoo13010.0_succ,gen_list_zoo,zoo,cifar,,conv12,1.0
exp_4084,squeezer_det,L2 L1 Linf L0 mse uqi ergas sam scc rase psnrb,zoo14010.0_succ,gen_list_zoo,zoo,cifar,,conv12,1.0
exp_4084,squeezer_det,L2 L1 Linf L0 mse uqi ergas sam scc rase psnrb,zoo14010.0_miss,gen_list_zoo,zoo,cifar,,conv12,1.0
exp_4084,squeezer_det,L2 L1 Linf L0 mse uqi ergas sam scc rase psnrb,zoo15010.0_succ,gen_list_zoo,zoo,cifar,,conv12,1.0
exp_4084,squeezer_det,L2 L1 Linf L0 mse uqi ergas sam scc rase psnrb,zoo15010.0_miss,gen_list_zoo,zoo,cifar,,conv12,1.0
exp_4084,squeezer_det,L2 L1 Linf L0 mse uqi ergas sam scc rase psnrb,zoo16010.0_succ,gen_list_zoo,zoo,cifar,,conv12,1.0
exp_4084,squeezer_det,L2 L1 Linf L0 mse uqi ergas sam scc rase psnrb,zoo17010.0_succ,gen_list_zoo,zoo,cifar,,conv12,1.0
exp_4084,squeezer_det,L2 L1 Linf L0 mse uqi ergas sam scc rase psnrb,zoo18010.0_succ,gen_list_zoo,zoo,cifar,,conv12,1.0
exp_4084,squeezer_det,L2 L1 Linf L0 mse uqi ergas sam scc rase psnrb,zoo18010.0_miss,gen_list_zoo,zoo,cifar,,conv12,1.0
exp_4084,squeezer_det,L2 L1 Linf L0 mse uqi ergas sam scc rase psnrb,zoo19010.0_succ,gen_list_zoo,zoo,cifar,,conv12,1.0
exp_4084,squeezer_det,L2 L1 Linf L0 mse uqi ergas sam scc rase psnrb,zoo19010.0_miss,gen_list_zoo,zoo,cifar,,conv12,1.0
exp_4084,squeezer_det,L2 L1 Linf L0 mse uqi ergas sam scc rase psnrb,zoo20010.0_succ,gen_list_zoo,zoo,cifar,,conv12,1.0
exp_4084,squeezer_det,L2 L1 Linf L0 mse uqi ergas sam scc rase psnrb,hopskipnan5020000100100_succ,gen_list_hopskip,hopskip,cifar,,conv12,1.0
exp_4084,squeezer_det,L2 L1 Linf L0 mse uqi ergas sam scc rase psnrb,hopskipnan5018000100100_succ,gen_list_hopskip,hopskip,cifar,,conv12,0.9411764705882353
exp_4084,squeezer_det,L2 L1 Linf L0 mse uqi ergas sam scc rase psnrb,hopskipnan5012000100100_succ,gen_list_hopskip,hopskip,cifar,,conv12,0.9411764705882353
exp_4084,squeezer_det,L2 L1 Linf L0 mse uqi ergas sam scc rase psnrb,hopskipnan5010000100100_succ,gen_list_hopskip,hopskip,cifar,,conv12,0.8823529411764706
exp_4084,squeezer_det,L2 L1 Linf L0 mse uqi ergas sam scc rase psnrb,hopskipnan508000100100_succ,gen_list_hopskip,hopskip,cifar,,conv12,0.9411764705882353
exp_4084,squeezer_det,L2 L1 Linf L0 mse uqi ergas sam scc rase psnrb,hopskipnan504000100100_succ,gen_list_hopskip,hopskip,cifar,,conv12,0.9411764705882353
exp_4084,squeezer_det,L2 L1 Linf L0 mse uqi ergas sam scc rase psnrb,hopskipnan501000100100_succ,gen_list_hopskip,hopskip,cifar,,conv12,0.9411764705882353
exp_4084,squeezer_det,L2 L1 Linf L0 mse uqi ergas sam scc rase psnrb,hopskipnan50500100100_succ,gen_list_hopskip,hopskip,cifar,,conv12,0.9411764705882353
exp_4084,squeezer_det,L2 L1 Linf L0 mse uqi ergas sam scc rase psnrb,hopskipnan50100100100_succ,gen_list_hopskip,hopskip,cifar,,conv12,0.9411764705882353
exp_4084,squeezer_det,L2 L1 Linf L0 mse uqi ergas sam scc rase psnrb,hopskipnan501000020100_succ,gen_list_hopskip,hopskip,cifar,,conv12,1.0
exp_4084,squeezer_det,L2 L1 Linf L0 mse uqi ergas sam scc rase psnrb,hopskipnan501000040100_succ,gen_list_hopskip,hopskip,cifar,,conv12,0.8823529411764706
exp_4084,squeezer_det,L2 L1 Linf L0 mse uqi ergas sam scc rase psnrb,hopskipnan501000060100_succ,gen_list_hopskip,hopskip,cifar,,conv12,0.9411764705882353
exp_4084,squeezer_det,L2 L1 Linf L0 mse uqi ergas sam scc rase psnrb,hopskipnan501000080100_succ,gen_list_hopskip,hopskip,cifar,,conv12,0.9411764705882353
exp_4084,squeezer_det,L2 L1 Linf L0 mse uqi ergas sam scc rase psnrb,hopskipnan5010000200100_succ,gen_list_hopskip,hopskip,cifar,,conv12,0.9411764705882353
exp_4084,squeezer_det,L2 L1 Linf L0 mse uqi ergas sam scc rase psnrb,hopskipnan501000010020_succ,gen_list_hopskip,hopskip,cifar,,conv12,0.8823529411764706
exp_4084,squeezer_det,L2 L1 Linf L0 mse uqi ergas sam scc rase psnrb,hopskipnan501000010040_succ,gen_list_hopskip,hopskip,cifar,,conv12,0.8235294117647058
exp_4084,squeezer_det,L2 L1 Linf L0 mse uqi ergas sam scc rase psnrb,hopskipnan501000010060_succ,gen_list_hopskip,hopskip,cifar,,conv12,0.9411764705882353
exp_4084,squeezer_det,L2 L1 Linf L0 mse uqi ergas sam scc rase psnrb,hopskipnan501000010080_succ,gen_list_hopskip,hopskip,cifar,,conv12,1.0
exp_4084,squeezer_det,L2 L1 Linf L0 mse uqi ergas sam scc rase psnrb,hopskipnan5010000100150_succ,gen_list_hopskip,hopskip,cifar,,conv12,0.9411764705882353
exp_4084,squeezer_det,L2 L1 Linf L0 mse uqi ergas sam scc rase psnrb,hopskipnan5010000100200_succ,gen_list_hopskip,hopskip,cifar,,conv12,0.9411764705882353
exp_4084,squeezer_det,L2 L1 Linf L0 mse uqi ergas sam scc rase psnrb,hopskipnan10010000100100_succ,gen_list_hopskip,hopskip,cifar,,conv12,0.9411764705882353
exp_4084,squeezer_det,L2 L1 Linf L0 mse uqi ergas sam scc rase psnrb,hopskipnan20010000100100_succ,gen_list_hopskip,hopskip,cifar,,conv12,0.9411764705882353
exp_4084,squeezer_det,L2 L1 Linf L0 mse uqi ergas sam scc rase psnrb,hopskipnan30010000100100_succ,gen_list_hopskip,hopskip,cifar,,conv12,1.0
exp_4084,squeezer_det,L2 L1 Linf L0 mse uqi ergas sam scc rase psnrb,jsma0.11.0_succ,gen_list_jsma,jsma,cifar,,conv12,0.7647058823529411
exp_4084,squeezer_det,L2 L1 Linf L0 mse uqi ergas sam scc rase psnrb,jsma0.10.8_succ,gen_list_jsma,jsma,cifar,,conv12,0.6470588235294118
exp_4084,squeezer_det,L2 L1 Linf L0 mse uqi ergas sam scc rase psnrb,jsma0.10.6_succ,gen_list_jsma,jsma,cifar,,conv12,0.8235294117647058
exp_4084,squeezer_det,L2 L1 Linf L0 mse uqi ergas sam scc rase psnrb,jsma0.10.4_succ,gen_list_jsma,jsma,cifar,,conv12,0.5882352941176471
exp_4084,squeezer_det,L2 L1 Linf L0 mse uqi ergas sam scc rase psnrb,jsma0.10.2_succ,gen_list_jsma,jsma,cifar,,conv12,0.7058823529411765
exp_4084,squeezer_det,L2 L1 Linf L0 mse uqi ergas sam scc rase psnrb,jsma0.10.2_miss,gen_list_jsma,jsma,cifar,,conv12,1.0
exp_4084,squeezer_det,L2 L1 Linf L0 mse uqi ergas sam scc rase psnrb,jsma0.20.8_succ,gen_list_jsma,jsma,cifar,,conv12,0.7647058823529411
exp_4084,squeezer_det,L2 L1 Linf L0 mse uqi ergas sam scc rase psnrb,jsma0.20.6_succ,gen_list_jsma,jsma,cifar,,conv12,0.7857142857142857
exp_4084,squeezer_det,L2 L1 Linf L0 mse uqi ergas sam scc rase psnrb,jsma0.20.4_succ,gen_list_jsma,jsma,cifar,,conv12,0.8235294117647058
exp_4084,squeezer_det,L2 L1 Linf L0 mse uqi ergas sam scc rase psnrb,jsma0.20.2_succ,gen_list_jsma,jsma,cifar,,conv12,0.7647058823529411
exp_4084,squeezer_det,L2 L1 Linf L0 mse uqi ergas sam scc rase psnrb,jsma0.41.0_succ,gen_list_jsma,jsma,cifar,,conv12,0.6470588235294118
exp_4084,squeezer_det,L2 L1 Linf L0 mse uqi ergas sam scc rase psnrb,jsma0.40.8_succ,gen_list_jsma,jsma,cifar,,conv12,0.7647058823529411
exp_4084,squeezer_det,L2 L1 Linf L0 mse uqi ergas sam scc rase psnrb,jsma0.40.6_succ,gen_list_jsma,jsma,cifar,,conv12,0.7647058823529411
exp_4084,squeezer_det,L2 L1 Linf L0 mse uqi ergas sam scc rase psnrb,jsma0.40.4_succ,gen_list_jsma,jsma,cifar,,conv12,0.7647058823529411
exp_4084,squeezer_det,L2 L1 Linf L0 mse uqi ergas sam scc rase psnrb,jsma0.40.2_succ,gen_list_jsma,jsma,cifar,,conv12,0.6470588235294118
exp_4084,squeezer_det,L2 L1 Linf L0 mse uqi ergas sam scc rase psnrb,jsma0.61.0_succ,gen_list_jsma,jsma,cifar,,conv12,0.7058823529411765
exp_4084,squeezer_det,L2 L1 Linf L0 mse uqi ergas sam scc rase psnrb,jsma0.60.8_succ,gen_list_jsma,jsma,cifar,,conv12,0.5882352941176471
exp_4084,squeezer_det,L2 L1 Linf L0 mse uqi ergas sam scc rase psnrb,jsma0.60.6_succ,gen_list_jsma,jsma,cifar,,conv12,0.6470588235294118
exp_4084,squeezer_det,L2 L1 Linf L0 mse uqi ergas sam scc rase psnrb,jsma0.60.4_succ,gen_list_jsma,jsma,cifar,,conv12,0.6470588235294118
exp_4084,squeezer_det,L2 L1 Linf L0 mse uqi ergas sam scc rase psnrb,jsma0.60.2_succ,gen_list_jsma,jsma,cifar,,conv12,0.7647058823529411
exp_4084,squeezer_det,L2 L1 Linf L0 mse uqi ergas sam scc rase psnrb,jsma0.81.0_succ,gen_list_jsma,jsma,cifar,,conv12,0.7058823529411765
exp_4084,squeezer_det,L2 L1 Linf L0 mse uqi ergas sam scc rase psnrb,jsma0.80.8_succ,gen_list_jsma,jsma,cifar,,conv12,0.7647058823529411
exp_4084,squeezer_det,L2 L1 Linf L0 mse uqi ergas sam scc rase psnrb,jsma0.80.6_succ,gen_list_jsma,jsma,cifar,,conv12,0.9411764705882353
exp_4084,squeezer_det,L2 L1 Linf L0 mse uqi ergas sam scc rase psnrb,jsma0.80.4_succ,gen_list_jsma,jsma,cifar,,conv12,0.7857142857142857
exp_4084,squeezer_det,L2 L1 Linf L0 mse uqi ergas sam scc rase psnrb,jsma0.80.2_succ,gen_list_jsma,jsma,cifar,,conv12,0.7058823529411765
exp_4084,squeezer_det,L2 L1 Linf L0 mse uqi ergas sam scc rase psnrb,jsma0.80.2_miss,gen_list_jsma,jsma,cifar,,conv12,0.6666666666666666
exp_4084,squeezer_det,L2 L1 Linf L0 mse uqi ergas sam scc rase psnrb,jsma1.01.0_succ,gen_list_jsma,jsma,cifar,,conv12,0.5882352941176471
exp_4084,squeezer_det,L2 L1 Linf L0 mse uqi ergas sam scc rase psnrb,jsma1.00.8_succ,gen_list_jsma,jsma,cifar,,conv12,0.7058823529411765
exp_4084,squeezer_det,L2 L1 Linf L0 mse uqi ergas sam scc rase psnrb,jsma1.00.6_succ,gen_list_jsma,jsma,cifar,,conv12,0.5882352941176471
exp_4084,squeezer_det,L2 L1 Linf L0 mse uqi ergas sam scc rase psnrb,jsma1.00.4_succ,gen_list_jsma,jsma,cifar,,conv12,0.6470588235294118
exp_4084,squeezer_det,L2 L1 Linf L0 mse uqi ergas sam scc rase psnrb,jsma1.00.2_succ,gen_list_jsma,jsma,cifar,,conv12,0.8125
exp_4084,squeezer_det,L2 L1 Linf L0 mse uqi ergas sam scc rase psnrb,jsma5.01.0_succ,gen_list_jsma,jsma,cifar,,conv12,0.8235294117647058
exp_4084,squeezer_det,L2 L1 Linf L0 mse uqi ergas sam scc rase psnrb,jsma5.00.8_succ,gen_list_jsma,jsma,cifar,,conv12,0.7058823529411765
exp_4084,squeezer_det,L2 L1 Linf L0 mse uqi ergas sam scc rase psnrb,jsma5.00.6_succ,gen_list_jsma,jsma,cifar,,conv12,0.5882352941176471
exp_4084,squeezer_det,L2 L1 Linf L0 mse uqi ergas sam scc rase psnrb,jsma5.00.6_miss,gen_list_jsma,jsma,cifar,,conv12,1.0
exp_4084,squeezer_det,L2 L1 Linf L0 mse uqi ergas sam scc rase psnrb,jsma5.00.4_succ,gen_list_jsma,jsma,cifar,,conv12,0.8235294117647058
exp_4084,squeezer_det,L2 L1 Linf L0 mse uqi ergas sam scc rase psnrb,jsma5.00.2_succ,gen_list_jsma,jsma,cifar,,conv12,0.6470588235294118
exp_4084,squeezer_det,L2 L1 Linf L0 mse uqi ergas sam scc rase psnrb,jsma0.011.0_succ,gen_list_jsma,jsma,cifar,,conv12,0.7058823529411765
exp_4084,squeezer_det,L2 L1 Linf L0 mse uqi ergas sam scc rase psnrb,jsma0.010.8_succ,gen_list_jsma,jsma,cifar,,conv12,0.7647058823529411
exp_4084,squeezer_det,L2 L1 Linf L0 mse uqi ergas sam scc rase psnrb,jsma0.010.6_succ,gen_list_jsma,jsma,cifar,,conv12,0.5882352941176471
exp_4084,squeezer_det,L2 L1 Linf L0 mse uqi ergas sam scc rase psnrb,jsma0.010.4_succ,gen_list_jsma,jsma,cifar,,conv12,0.8235294117647058
exp_4084,squeezer_det,L2 L1 Linf L0 mse uqi ergas sam scc rase psnrb,jsma0.010.2_succ,gen_list_jsma,jsma,cifar,,conv12,0.7058823529411765
exp_4084,squeezer_det,L2 L1 Linf L0 mse uqi ergas sam scc rase psnrb,jsma0.0011.0_succ,gen_list_jsma,jsma,cifar,,conv12,0.8823529411764706
exp_4084,squeezer_det,L2 L1 Linf L0 mse uqi ergas sam scc rase psnrb,uni0.11000.9inf_succ,gen_list_uni_inf,uni,cifar,,conv12,1.0
exp_4084,squeezer_det,L2 L1 Linf L0 mse uqi ergas sam scc rase psnrb,uni0.11000.9inf_miss,gen_list_uni_inf,uni,cifar,,conv12,0.9090909090909091
exp_4084,squeezer_det,L2 L1 Linf L0 mse uqi ergas sam scc rase psnrb,uni0.11000.7inf_succ,gen_list_uni_inf,uni,cifar,,conv12,0.875
exp_4084,squeezer_det,L2 L1 Linf L0 mse uqi ergas sam scc rase psnrb,uni0.11000.7inf_miss,gen_list_uni_inf,uni,cifar,,conv12,1.0
exp_4084,squeezer_det,L2 L1 Linf L0 mse uqi ergas sam scc rase psnrb,uni0.11000.5inf_succ,gen_list_uni_inf,uni,cifar,,conv12,0.8888888888888888
exp_4084,squeezer_det,L2 L1 Linf L0 mse uqi ergas sam scc rase psnrb,uni0.11000.5inf_miss,gen_list_uni_inf,uni,cifar,,conv12,1.0
exp_4084,squeezer_det,L2 L1 Linf L0 mse uqi ergas sam scc rase psnrb,uni0.11000.2inf_succ,gen_list_uni_inf,uni,cifar,,conv12,0.875
exp_4084,squeezer_det,L2 L1 Linf L0 mse uqi ergas sam scc rase psnrb,uni0.11000.2inf_miss,gen_list_uni_inf,uni,cifar,,conv12,1.0
exp_4084,squeezer_det,L2 L1 Linf L0 mse uqi ergas sam scc rase psnrb,uni0.41000.9inf_succ,gen_list_uni_inf,uni,cifar,,conv12,0.875
exp_4084,squeezer_det,L2 L1 Linf L0 mse uqi ergas sam scc rase psnrb,uni0.41000.9inf_miss,gen_list_uni_inf,uni,cifar,,conv12,1.0
exp_4084,squeezer_det,L2 L1 Linf L0 mse uqi ergas sam scc rase psnrb,uni0.41000.7inf_succ,gen_list_uni_inf,uni,cifar,,conv12,0.8571428571428571
exp_4084,squeezer_det,L2 L1 Linf L0 mse uqi ergas sam scc rase psnrb,uni0.41000.7inf_miss,gen_list_uni_inf,uni,cifar,,conv12,1.0
exp_4084,squeezer_det,L2 L1 Linf L0 mse uqi ergas sam scc rase psnrb,uni0.41000.5inf_succ,gen_list_uni_inf,uni,cifar,,conv12,0.875
exp_4084,squeezer_det,L2 L1 Linf L0 mse uqi ergas sam scc rase psnrb,uni0.41000.5inf_miss,gen_list_uni_inf,uni,cifar,,conv12,1.0
exp_4084,squeezer_det,L2 L1 Linf L0 mse uqi ergas sam scc rase psnrb,uni0.41000.2inf_succ,gen_list_uni_inf,uni,cifar,,conv12,1.0
exp_4084,squeezer_det,L2 L1 Linf L0 mse uqi ergas sam scc rase psnrb,uni0.41000.2inf_miss,gen_list_uni_inf,uni,cifar,,conv12,1.0
exp_4084,squeezer_det,L2 L1 Linf L0 mse uqi ergas sam scc rase psnrb,uni0.71000.9inf_succ,gen_list_uni_inf,uni,cifar,,conv12,0.8571428571428571
exp_4084,squeezer_det,L2 L1 Linf L0 mse uqi ergas sam scc rase psnrb,uni0.71000.9inf_miss,gen_list_uni_inf,uni,cifar,,conv12,1.0
exp_4084,squeezer_det,L2 L1 Linf L0 mse uqi ergas sam scc rase psnrb,uni0.71000.7inf_succ,gen_list_uni_inf,uni,cifar,,conv12,0.75
exp_4084,squeezer_det,L2 L1 Linf L0 mse uqi ergas sam scc rase psnrb,uni0.71000.7inf_miss,gen_list_uni_inf,uni,cifar,,conv12,1.0
exp_4084,squeezer_det,L2 L1 Linf L0 mse uqi ergas sam scc rase psnrb,uni0.71000.5inf_succ,gen_list_uni_inf,uni,cifar,,conv12,0.9090909090909091
exp_4084,squeezer_det,L2 L1 Linf L0 mse uqi ergas sam scc rase psnrb,uni0.71000.5inf_miss,gen_list_uni_inf,uni,cifar,,conv12,1.0
exp_4084,squeezer_det,L2 L1 Linf L0 mse uqi ergas sam scc rase psnrb,uni0.71000.2inf_succ,gen_list_uni_inf,uni,cifar,,conv12,1.0
exp_4084,squeezer_det,L2 L1 Linf L0 mse uqi ergas sam scc rase psnrb,uni0.71000.2inf_miss,gen_list_uni_inf,uni,cifar,,conv12,1.0
exp_4084,squeezer_det,L2 L1 Linf L0 mse uqi ergas sam scc rase psnrb,uni1.01000.9inf_succ,gen_list_uni_inf,uni,cifar,,conv12,0.75
exp_4084,squeezer_det,L2 L1 Linf L0 mse uqi ergas sam scc rase psnrb,uni1.01000.9inf_miss,gen_list_uni_inf,uni,cifar,,conv12,1.0
exp_4084,squeezer_det,L2 L1 Linf L0 mse uqi ergas sam scc rase psnrb,uni1.01000.7inf_succ,gen_list_uni_inf,uni,cifar,,conv12,1.0
exp_4084,squeezer_det,L2 L1 Linf L0 mse uqi ergas sam scc rase psnrb,uni1.01000.7inf_miss,gen_list_uni_inf,uni,cifar,,conv12,1.0
exp_4084,squeezer_det,L2 L1 Linf L0 mse uqi ergas sam scc rase psnrb,uni1.01000.5inf_succ,gen_list_uni_inf,uni,cifar,,conv12,0.8181818181818182
exp_4084,squeezer_det,L2 L1 Linf L0 mse uqi ergas sam scc rase psnrb,uni1.01000.5inf_miss,gen_list_uni_inf,uni,cifar,,conv12,1.0
exp_4084,squeezer_det,L2 L1 Linf L0 mse uqi ergas sam scc rase psnrb,uni1.01000.2inf_succ,gen_list_uni_inf,uni,cifar,,conv12,1.0
exp_4084,squeezer_det,L2 L1 Linf L0 mse uqi ergas sam scc rase psnrb,uni1.01000.2inf_miss,gen_list_uni_inf,uni,cifar,,conv12,1.0
exp_4084,squeezer_det,L2 L1 Linf L0 mse uqi ergas sam scc rase psnrb,uni5.01000.9inf_succ,gen_list_uni_inf,uni,cifar,,conv12,0.8888888888888888
exp_4084,squeezer_det,L2 L1 Linf L0 mse uqi ergas sam scc rase psnrb,uni5.01000.9inf_miss,gen_list_uni_inf,uni,cifar,,conv12,1.0
exp_4084,squeezer_det,L2 L1 Linf L0 mse uqi ergas sam scc rase psnrb,uni5.01000.7inf_succ,gen_list_uni_inf,uni,cifar,,conv12,0.8571428571428571
exp_4084,squeezer_det,L2 L1 Linf L0 mse uqi ergas sam scc rase psnrb,uni5.01000.7inf_miss,gen_list_uni_inf,uni,cifar,,conv12,1.0
exp_4084,squeezer_det,L2 L1 Linf L0 mse uqi ergas sam scc rase psnrb,uni5.01000.5inf_succ,gen_list_uni_inf,uni,cifar,,conv12,1.0
exp_4084,squeezer_det,L2 L1 Linf L0 mse uqi ergas sam scc rase psnrb,uni5.01000.5inf_miss,gen_list_uni_inf,uni,cifar,,conv12,1.0
exp_4084,squeezer_det,L2 L1 Linf L0 mse uqi ergas sam scc rase psnrb,uni5.01000.2inf_succ,gen_list_uni_inf,uni,cifar,,conv12,1.0
exp_4084,squeezer_det,L2 L1 Linf L0 mse uqi ergas sam scc rase psnrb,uni5.01000.2inf_miss,gen_list_uni_inf,uni,cifar,,conv12,1.0
exp_4084,squeezer_det,L2 L1 Linf L0 mse uqi ergas sam scc rase psnrb,uni10.01000.9inf_succ,gen_list_uni_inf,uni,cifar,,conv12,0.8888888888888888
exp_4084,squeezer_det,L2 L1 Linf L0 mse uqi ergas sam scc rase psnrb,uni10.01000.9inf_miss,gen_list_uni_inf,uni,cifar,,conv12,1.0
exp_4084,squeezer_det,L2 L1 Linf L0 mse uqi ergas sam scc rase psnrb,uni10.01000.7inf_succ,gen_list_uni_inf,uni,cifar,,conv12,1.0
exp_4084,squeezer_det,L2 L1 Linf L0 mse uqi ergas sam scc rase psnrb,uni10.01000.7inf_miss,gen_list_uni_inf,uni,cifar,,conv12,0.8571428571428571
exp_4084,squeezer_det,L2 L1 Linf L0 mse uqi ergas sam scc rase psnrb,uni10.01000.5inf_succ,gen_list_uni_inf,uni,cifar,,conv12,0.9
exp_4084,squeezer_det,L2 L1 Linf L0 mse uqi ergas sam scc rase psnrb,uni10.01000.5inf_miss,gen_list_uni_inf,uni,cifar,,conv12,1.0
exp_4084,squeezer_det,L2 L1 Linf L0 mse uqi ergas sam scc rase psnrb,uni10.01000.2inf_succ,gen_list_uni_inf,uni,cifar,,conv12,0.8888888888888888
exp_4084,squeezer_det,L2 L1 Linf L0 mse uqi ergas sam scc rase psnrb,uni10.01000.2inf_miss,gen_list_uni_inf,uni,cifar,,conv12,1.0
exp_4084,squeezer_det,L2 L1 Linf L0 mse uqi ergas sam scc rase psnrb,uni15.01000.9inf_succ,gen_list_uni_inf,uni,cifar,,conv12,0.8571428571428571
exp_4084,squeezer_det,L2 L1 Linf L0 mse uqi ergas sam scc rase psnrb,uni15.01000.9inf_miss,gen_list_uni_inf,uni,cifar,,conv12,1.0
exp_4084,squeezer_det,L2 L1 Linf L0 mse uqi ergas sam scc rase psnrb,uni15.01000.7inf_succ,gen_list_uni_inf,uni,cifar,,conv12,1.0
exp_4084,squeezer_det,L2 L1 Linf L0 mse uqi ergas sam scc rase psnrb,uni15.01000.7inf_miss,gen_list_uni_inf,uni,cifar,,conv12,0.9166666666666666
exp_4084,squeezer_det,L2 L1 Linf L0 mse uqi ergas sam scc rase psnrb,uni15.01000.5inf_succ,gen_list_uni_inf,uni,cifar,,conv12,0.9
exp_4084,squeezer_det,L2 L1 Linf L0 mse uqi ergas sam scc rase psnrb,uni15.01000.5inf_miss,gen_list_uni_inf,uni,cifar,,conv12,1.0
exp_4084,squeezer_det,L2 L1 Linf L0 mse uqi ergas sam scc rase psnrb,uni15.01000.2inf_succ,gen_list_uni_inf,uni,cifar,,conv12,1.0
exp_4084,squeezer_det,L2 L1 Linf L0 mse uqi ergas sam scc rase psnrb,uni15.01000.2inf_miss,gen_list_uni_inf,uni,cifar,,conv12,1.0
exp_4084,squeezer_det,L2 L1 Linf L0 mse uqi ergas sam scc rase psnrb,uni20.01000.9inf_succ,gen_list_uni_inf,uni,cifar,,conv12,1.0
exp_4084,squeezer_det,L2 L1 Linf L0 mse uqi ergas sam scc rase psnrb,uni20.01000.9inf_miss,gen_list_uni_inf,uni,cifar,,conv12,1.0
exp_4084,squeezer_det,L2 L1 Linf L0 mse uqi ergas sam scc rase psnrb,uni20.01000.7inf_succ,gen_list_uni_inf,uni,cifar,,conv12,0.8888888888888888
exp_4084,squeezer_det,L2 L1 Linf L0 mse uqi ergas sam scc rase psnrb,uni20.01000.7inf_miss,gen_list_uni_inf,uni,cifar,,conv12,1.0
exp_4084,squeezer_det,L2 L1 Linf L0 mse uqi ergas sam scc rase psnrb,uni20.01000.5inf_succ,gen_list_uni_inf,uni,cifar,,conv12,0.75
exp_4084,squeezer_det,L2 L1 Linf L0 mse uqi ergas sam scc rase psnrb,uni20.01000.5inf_miss,gen_list_uni_inf,uni,cifar,,conv12,1.0
exp_4084,squeezer_det,L2 L1 Linf L0 mse uqi ergas sam scc rase psnrb,uni20.01000.2inf_succ,gen_list_uni_inf,uni,cifar,,conv12,0.9090909090909091
exp_4084,squeezer_det,L2 L1 Linf L0 mse uqi ergas sam scc rase psnrb,uni20.01000.2inf_miss,gen_list_uni_inf,uni,cifar,,conv12,1.0
